5.10849
1.20764
0.752282
0.399892
0.626736
4.00118
0.185973
9.2299
3.79535
2.16974
2.98565
0.258032
2.11083
0.688335
0.240009
0.543282
0.595386
2.94577
1.10373
1.10347
2.11919
0.262985
0.635542
3.27416
2.629
0.922527
0.737708
2.21436
1.14824
0.637173
0.186331
0.435282
0.510421
0.842189
0.155909
1.29683
0.934078
0.929166
1.40671
3.67985
1.78145
1.30482
3.16637
4.02687
3.35143
1.10566
1.19135
2.22204
0.000127801
4.74551
1.11515
1.8319
0.942304
1.38463
0.421862
1.23804
2.1334
3.16751
0.106056
0.441948
0.358985
2.11333
3.79352
0.954423
1.05766
0.572271
0.254313
2.70316
0.809893
0.730744
1.18608
1.97737
0.619398
0.670211
1.47084
0.22349
2.17564
0.121536
1.96744
0.688014
0.507453
3.56334
1.49989
0.601934
3.05844
3.06272
0.153383
3.18314
0.402756
0.191538
0.497416
1.94951
2.00861
0.69723
1.08292
1.57445
2.74088
1.20874
6.23757
0.0254278
0.517484
2.21928
1.78846
0.679606
2.06528
0.519055
0.724087
4.24888
1.05505
3.8344
0.345171
0.475967
4.58907
2.78375
0.990615
2.13569
0.807833
3.85497
0.138908
0.853085
0.821756
0.402377
2.22457
0.149246
1.98607
0.777044
2.24482
2.32999
0.809981
0.00890291
1.21146
0.539276
1.26185
5.26674
3.80294
1.5214
1.51992
2.36604
1.57125
1.15811
0.350441
0.635312
2.12691
1.53787
5.10503
0.505939
1.1694
0.258616
1.89678
0.0680759
3.92769
0.709243
0.747443
3.82511
3.60162
3.05925
2.84621
0.614651
1.65741
4.58684
1.8383
0.976426
0.6698
2.06573
5.2232
2.0837
0.563946
1.68196
0.492234
0.23194
1.96472
0.280568
3.13103
1.47624
13.9331
0.753096
1.075
1.29928
0.0364668
1.50514
6.71076
2.37045
0.68983
2.01964
3.2946
5.17029
2.85094
0.29175
0.623092
0.546484
0.499636
1.73113
4.30795
1.5366
5.66646
0.970427
1.23878
0.00177458
0.698862
2.65085
1.33273
2.63869
0.222749
0.543159
0.817316
0.174167
1.46312
0.292068
3.73762
2.09343
0.410975
0.978575
1.21889
0.0603307
0.0593552
4.51391
0.995309
0.320283
2.12838
0.0626033
4.36105
3.23622
1.45999
0.538545
0.44977
6.18238
0.829156
2.95979
0.732981
0.846551
1.19209
1.22149
2.03218
0.194494
2.15266
7.82775
0.514061
4.13735
1.7145
2.24601
0.687567
2.69985
1.03014
2.18722
0.829889
1.21502
4.13252
6.57832
0.713337
