4.03862
5.53864
7.49016
5.41146
1.15235
8.11055
1.67563
6.02493
7.16746
1.6205
0.44975
3.11955
2.00987
2.63396
0.324994
0.280244
0.00604938
5.07887
0.532812
0.530173
2.64866
0.53503
0.490656
2.40294
1.10267
1.80859
0.846134
1.77408
1.63157
1.10745
0.186205
0.248689
0.689251
0.621775
0.467545
2.00269
0.170976
1.18924
1.80945
2.77338
2.67578
1.94203
2.4884
4.30406
1.78904
0.433379
1.94162
0.796197
1.13621
0.456666
2.15362
0.107587
3.82605
0.278431
0.184475
1.72635
2.0619
1.9726
0.307806
0.903294
0.257745
1.89883
2.21361
2.78249
1.63433
0.43339
0.606278
1.05014
1.61855
0.913077
0.811225
1.43768
0.00776044
2.14619
2.22562
0.44019
1.75759
0.065876
2.29706
0.432636
0.343623
3.39346
0.747001
0.274354
3.01562
1.96191
0.0535126
2.03475
0.259115
0.339211
0.334259
1.94928
0.606388
1.1577
0.152226
0.99902
3.50755
1.39823
3.41769
0.951781
0.00810956
3.42523
1.72873
0.545068
1.27975
1.2786
0.373274
4.1088
1.34186
3.09007
0.938391
0.657185
6.61576
3.20739
0.574911
1.6063
0.459563
4.9457
0.07185
0.705125
0.818909
0.59995
2.68615
0.134302
1.54145
0.88428
1.56641
1.85166
1.89098
0.223216
0.430224
0.283487
0.542226
4.20225
1.54593
0.00215886
0.0279879
6.37635
1.60993
1.77526
0.381897
1.22815
1.17224
1.15086
3.17577
1.89411
1.72183
0.50368
0.785496
0.888217
5.91534
0.777391
1.04585
2.70918
1.44712
5.95398
3.27171
0.654904
0.606042
5.69652
1.29797
0.905236
0.549495
1.86277
3.80161
0.349014
2.62401
0.608398
0.144917
0.723775
2.62449
0.105451
3.2253
1.41865
12.0799
0.765013
0.179011
0.890724
0.186097
1.61297
6.85805
0.911972
1.99013
2.3144
3.55728
3.75078
4.05688
0.225134
0.645138
0.819158
0.345019
1.26426
2.6529
0.437111
7.44766
0.869487
1.3743
0.00302482
0.693904
2.47363
1.1023
1.91834
0.538318
0.927146
0.995467
0.11346
1.26087
0.344375
3.07847
2.86363
0.211557
1.21878
1.08217
0.128031
0.462237
2.87167
0.11591
1.53493
2.05833
0.0895453
3.24919
5.08912
1.97833
0.88023
0.103492
3.78239
0.524117
1.49972
0.396975
1.09321
1.39202
1.45946
1.93135
0.217768
2.4492
7.56615
0.554256
3.34518
1.80103
2.06137
0.12044
4.74029
0.686488
1.96805
0.250132
0.247452
6.44979
5.51883
0.296064
