17.0935
2.13125
1.32552
2.3491
3.87468
2.76707
0.86405
2.05751
1.24175
2.56901
1.65449
2.20493
5.44341
2.59974
5.47917
5.90336
2.20804
2.93953
1.88902
2.51292
1.58962
1.03719
1.64757
1.21638
12.0921
0.614742
1.63933
1.81694
1.25653
2.22008
1.11665
0.428963
3.30522
0.916648
1.37857
1.17965
1.90245
0.73547
0.691797
3.16546
0.247363
2.13715
0.463567
0.765391
0.921594
6.16902
0.856481
2.69206
4.43637
5.0488
1.93498
5.05044
0.188213
1.13412
0.166212
1.36416
10.5543
0.609976
0.833995
0.738581
10.5088
4.62298
0.776977
1.5157
6.389
0.533334
5.5028
5.10736
8.50099
2.07375
9.49267
1.30373
1.76229
0.402846
1.76235
2.00469
2.64206
1.25603
1.12119
3.48853
3.85178
1.57015
2.0792
2.97237
4.81775
0.187354
3.19031
0.577086
0.55499
2.4949
2.64865
0.701184
3.94372
3.19134
0.814392
7.65685
3.04315
2.98506
1.1616
2.85045
4.35255
0.643711
1.77814
1.57478
2.00302
1.69213
2.47109
0.50237
1.42861
1.73373
2.05508
0.229815
3.05189
1.45817
0.801324
1.21604
1.92168
2.1197
2.16463
5.92933
4.81896
1.37857
3.61028
3.68423
2.42272
0.346773
3.25735
0.857125
2.85861
1.61957
0.699138
3.74828
0.655845
1.21476
6.41555
5.34384
2.69969
6.73179
4.14809
3.51982
2.75531
0.652989
0.458667
3.07663
1.47516
0.0363865
1.39624
3.27066
0.237385
5.00896
0.880953
5.22361
0.897134
0.810161
0.737199
0.945398
1.00734
2.06187
1.71155
2.43359
3.13013
2.585
0.857312
4.68402
1.65129
1.41241
3.95153
7.88945
3.08686
1.18762
1.09249
3.05401
1.82617
4.8469
2.96788
2.44357
1.67841
3.50008
1.88512
1.95638
3.87417
1.63175
0.48466
0.850317
4.53406
0.601419
1.32038
1.39438
6.02561
0.222287
11.3763
3.58735
1.32918
0.48014
1.36857
2.77766
1.41928
3.72921
2.13268
1.9832
2.18515
5.77911
3.53849
0.914636
1.48506
3.38886
2.70546
0.388176
0.164227
9.22762
2.31841
0.971927
1.77209
4.74475
1.34833
4.52498
1.97146
3.39952
6.69721
1.62326
3.13513
3.26207
1.61665
1.91842
2.22129
3.46959
7.93306
3.10503
0.141179
0.177967
0.359939
0.507118
5.79456
8.00907
0.303145
2.02918
0.119841
1.32912
0.262331
1.36395
7.44572
0.576302
7.11696
2.68379
0.843277
1.86386
5.15516
2.82755
