16.5802
2.36549
1.66109
1.77718
0.926028
3.53791
2.99964
0.933271
1.73933
1.65567
4.04046
0.281509
2.49488
5.24861
2.29066
6.50151
6.8498
4.32006
4.93116
3.39164
2.27379
0.688122
1.52804
0.77618
2.91447
11.2108
0.178466
1.31793
3.57656
2.73286
0.999689
1.63866
0.645822
3.75857
1.46952
2.79083
0.670776
0.881041
0.275236
0.797861
3.62464
0.267238
2.16412
0.442637
0.927036
2.37014
7.40164
2.9395
4.9015
10.6559
3.70426
3.28981
2.0702
1.30001
0.836651
1.38028
3.36648
7.92359
1.22954
1.77706
0.226992
6.77932
5.9123
2.36477
2.00361
6.63356
1.73571
3.08781
3.26016
10.0942
3.2902
5.59576
2.11491
1.20226
0.343557
2.41527
1.80398
2.51995
0.982043
1.09269
4.17011
5.46719
1.01641
2.13276
1.39482
4.27413
0.0643383
3.37727
0.262674
0.601573
2.99036
1.67018
1.8123
4.67544
1.58913
1.16134
7.34178
3.49679
2.17048
2.73053
2.31396
4.79851
0.818162
2.06244
1.02022
2.59379
1.78575
2.36671
0.647588
1.40905
3.06731
3.5272
2.76768
2.44391
1.34253
1.16005
0.609594
2.51647
2.00996
2.78947
5.45072
5.66012
1.63049
3.39262
4.03574
2.41303
0.178385
2.2674
1.2682
4.22416
0.851933
0.166839
4.18862
0.45733
1.1874
5.30983
5.83474
3.56576
5.70697
2.76888
3.58809
3.44038
1.19593
0.351509
4.34669
0.510563
0.382731
2.22549
3.27384
0.257688
5.28718
1.20004
7.27936
0.865423
1.78331
1.38024
1.7256
1.2588
2.96025
1.51982
2.8106
3.54146
2.85635
0.363169
4.47529
2.06258
2.14306
4.93548
7.88095
1.66844
0.616898
1.77937
3.90378
1.15674
4.98895
1.63859
2.55422
1.97739
6.10123
2.18637
0.780102
3.63383
1.59794
0.863032
2.01018
3.52565
0.309312
1.86101
1.30746
6.37012
0.232952
11.0703
3.56529
0.549849
1.41845
1.0216
2.05141
1.61964
5.09375
2.30194
2.75768
1.83762
7.01299
8.6749
0.220473
0.843134
2.78511
2.14551
1.13044
0.577948
8.92687
2.30464
0.900932
3.20662
4.54918
1.69138
5.52519
1.49297
2.33951
5.83927
1.68286
6.04098
4.59696
1.87207
1.26941
4.69151
1.63706
5.37574
3.04233
0.405905
0.0297516
0.443668
0.26836
7.71531
6.43267
0.54147
2.03065
0.232425
1.44875
0.610317
2.74004
8.97722
0.246626
6.51929
3.80112
2.49324
6.20934
1.56036
2.15134
